#GSAS-II instrument parameter file; do not add/delete items!
Type:PXC
Lam1:1.540593
Lam2:1.544414
I(L2)/I(L1):0.5000
Zero:-0.00155
Polariz.:0.7
U:148.9180
V:-153.7642
W:56.5725
X:0.0000
Y:0.0000
Z:0.0
SH/L:0.00200
Azimuth:0.0
